"","chr1","chr2","chr3","chr4","chr5","chr6","chr7","chr8","chr9","chr10","chr11","chr12","chr13","chr14","chr15","chr16","chr17","chr18","chr19","chr20","chr21","chr22","chrX","chrY","chrM"
"B_H3K4me3_ND391",8.07620625388279,8.32470490784842,6.85442120521847,6.27459101263202,6.25388279146821,5.85007247877407,5.29095050735142,5.0735141851315,3.96562435286809,4.79395319942017,4.69041209360116,4.65934976185546,3.22012839097122,3.0544626216608,2.86808863118658,3.00269206875129,2.88879685235038,2.62994408780286,2.16400911161731,2.37109132325533,1.22178504866432,1.32532615448333,5.0631600745496,0.0724787740733071,0.010354110581901
"B_H3K4me3_ND422",8.14583333333333,8.51041666666667,6.95833333333333,6.21875,6.25,5.95833333333333,5.52083333333333,5.17708333333333,4.05208333333333,5,4.82291666666667,4.69791666666667,3.3125,3.17708333333333,2.9375,3.17708333333333,3.07291666666667,2.67708333333333,2.15625,2.51041666666667,1.28125,1.40625,2.60416666666667,0.364583333333333,0.0104166666666667
"B_H3K4me3_ND425",8.06218767351471,8.28428650749584,6.59633536923931,5.98556357579123,5.95224875069406,5.75235980011105,5.29705719044975,4.99722376457524,3.98667406996113,4.81954469739034,4.79733481399223,4.6529705719045,3.08717379233759,3.07606885063853,2.95391449194892,3.27595780122154,3.16490838423098,2.57634647418101,2.34314269850083,2.5541365907829,1.24375347029428,1.51027207107163,4.94169905607996,0.0777345918933926,0.0111049416990561
"B_H3K4me3_SLE1077",8.16634346046111,8.586511527688,7.19672484378367,6.6149536737772,6.55031243266537,6.14091790562379,5.5052790346908,5.09588450764921,4.02930402930403,4.67571644042232,4.81577246283129,4.72958414134885,3.46907993966818,3.11355311355311,2.80112044817927,2.93040293040293,2.89808230984702,2.73647920706744,2.12238741650506,2.26244343891403,1.29282482223659,1.23895712131006,2.70415858651153,0.301659125188537,0.0215470803706098
"B_H3K4me3_SLE2239",9.30972325310147,7.45414060014845,5.9166578305588,4.26253843706924,5.07899480436857,5.58795461774997,4.77149825045064,4.03986851871488,4.14590181316933,4.68667161488707,5.28045806383204,4.83511822712332,2.39635245467077,3.49909871699714,3.13858551585198,3.98685187148765,5.36528469939561,1.94040928851659,4.94115152157778,2.76746898526137,1.14515958010815,2.32212914855265,3.0749655391793,0.0424133177817835,0.0106033294454459
"B_H3K4me3_SLE985",8.00681431005111,8.41141396933561,6.8675468483816,6.17546848381601,6.12223168654174,5.79216354344123,5.31303236797274,4.97231686541738,3.96081771720613,4.78066439522998,4.68483816013629,4.57836456558773,3.21550255536627,3.11967632027257,2.91737649063032,3.14097103918228,3.04514480408859,2.62989778534923,2.22529812606474,2.41695059625213,1.27768313458262,1.45868824531516,4.79131175468484,0.0851788756388416,0.0106473594548552
"M_H3K4me3_ND391",8.43478260869565,8.31521739130435,6.69565217391304,5.79347826086957,5.91304347826087,5.80434782608696,5.15217391304348,4.66304347826087,4,4.73913043478261,4.79347826086957,4.76086956521739,3.07608695652174,3.20652173913044,2.95652173913043,3.15217391304348,3.41304347826087,2.53260869565217,2.76086956521739,2.55434782608696,1.20652173913043,1.47826086956522,4.48913043478261,0.0652173913043478,0.0434782608695652
"M_H3K4me3_ND422",8.86089577950043,8.04263565891473,6.43841515934539,5.27562446167097,5.71705426356589,5.73858742463394,5.20025839793282,4.68346253229974,4.1343669250646,4.86649440137812,5.12489233419466,4.87726098191214,2.72394487510767,3.2192075796727,3.15460809646856,3.54220499569337,4.1343669250646,2.29328165374677,3.48837209302326,2.65934539190353,1.27045650301464,1.81955211024978,2.41171403962102,0.279931093884582,0.0430663221360896
"M_H3K4me3_ND425",8.39948508903669,7.97039261960953,6.49002360008582,5.3743831795752,5.62111134949582,5.67474790817421,5.19201888006866,4.78438103411285,3.95837803046557,4.88092683973396,4.87019952799828,4.62347135807767,2.78910105127655,3.18601158549667,3.03582922119717,3.5829221197168,3.79746835443038,2.43509976399914,3.21819352070371,2.74619180433383,1.18000429092469,1.81291568332976,4.28019738253594,0.0643638704140742,0.0321819352070371
"M_H3K4me3_SLE1077",8.57640400522421,8.27165868524162,6.82411841532434,5.92076621680453,6.08402263822377,6.13844144536352,5.27862429255551,4.79973878972573,4.08141053548106,4.85415759686548,4.82150631258163,4.79973878972573,3.11275576839356,3.2760121898128,3.02568567696996,3.05833696125381,3.60252503265128,2.51414888985633,2.85154549412277,2.44884632128864,1.28428384849804,1.52372659991293,2.57945145842403,0.250326512842838,0.021767522855899
"M_H3K4me3_SLE2239",8.10754043268221,8.34908632640202,6.70027305187986,6.15416929216551,6.12266330602815,5.92312539382483,5.21949170342365,4.93593782818736,3.94875026254988,4.74690191136316,4.78890989287965,4.71539592522579,3.21361058601134,3.11909262759924,2.87754673387944,3.04557865994539,3.16110060911573,2.52047889098929,2.43646292795631,2.41545893719807,1.29174543163201,1.40726738080235,4.71539592522579,0.0735139676538542,0.010501995379122
"M_H3K4me3_SLE985",8.35890381970162,8.09438154692625,6.65538038302825,5.79832821923606,5.86181356470215,5.8300708919691,5.15289387366416,4.71907734631256,3.97841498254153,4.80372447360068,4.81430536451169,4.77198180086763,3.02613480055021,3.19542905512644,2.97323034599513,3.18484816421543,3.53401756427891,2.48650936408846,2.92032589144006,2.57115649137657,1.25912601841075,1.55539096391916,4.34874616442704,0.074066236377103,0.0317426727330441
"T_H3K4me3_ND391",8.11015118790497,8.26133909287257,6.98704103671706,6.54427645788337,6.20950323974082,5.88552915766739,5.29157667386609,4.94600431965443,4.01727861771058,4.67602591792657,4.66522678185745,4.56803455723542,3.32613390928726,3.0561555075594,2.78617710583153,2.91576673866091,2.99136069114471,2.63498920086393,2.15982721382289,2.35421166306695,1.25269978401728,1.32829373650108,4.94600431965443,0.0539956803455724,0.0323974082073434
"T_H3K4me3_ND422",7.93879587537421,8.61514580330414,6.86328861292826,6.27564031489079,6.3976050559929,5.78778135048232,5.43297483091252,5.27774697860073,4.10245038252578,5.10034371881583,4.86750194034815,4.73444949550948,3.35957423217652,3.2376094910744,2.92715378645083,3.15999556491851,3.07129393502606,2.64996119303692,2.13992682115534,2.46147022951547,1.28617363344051,1.37487526333296,2.57234726688103,0.354806519569797,0.0110877037365562
"T_H3K4me3_ND425",8.34349030470914,8.17728531855956,6.47091412742382,5.82825484764543,5.85041551246537,5.79501385041551,5.28531855955679,4.81994459833795,3.97783933518006,4.77562326869806,4.77562326869806,4.60941828254848,2.93628808864266,3.13573407202216,2.98060941828255,3.43490304709141,3.56786703601108,2.44875346260388,2.85872576177285,2.48199445983379,1.22991689750693,1.67313019390582,4.42105263157895,0.0664819944598338,0.0554016620498615
"T_H3K4me3_SLE1077",8.38062423996757,8.39075800567491,6.83015808674504,6.09039319010944,6.22213214430482,5.8573165788407,5.37089582488853,4.93514389947304,4.06364004864208,4.8946088366437,4.83380624239968,4.813538710985,3.17186866639643,3.21240372922578,2.9691933522497,3.25293879205513,3.31374138629915,2.57397648966356,2.56384272395622,2.53344142683421,1.26672071341711,1.5403323875152,2.57397648966356,0.324280502634779,0.0202675314146737
"T_H3K4me3_SLE2239",8.28771622509306,8.07970221151741,6.51412305671119,5.66017079045325,5.9667177578279,5.58353404860959,5.32077950514561,4.72958178235165,4.02890299978104,4.75147799430698,4.85001094810598,4.71863367637399,2.99978103788045,3.21874315743376,3.04357346179111,3.37201664112109,3.61287497262974,2.3428946792205,3.05452156776878,2.57280490475148,1.23713597547624,1.56557915480622,4.39019049704401,0.0656886358659952,0.0328443179329976
"T_H3K4me3_SLE985",7.87269681742044,8.34380234505863,6.92001675041876,6.50125628140704,6.31281407035176,5.84170854271357,5.31825795644891,4.93090452261306,4.00963149078727,4.84715242881072,4.69011725293132,4.66917922948074,3.38149078726968,3.18257956448911,2.83710217755444,2.8999162479062,2.85804020100502,2.66959798994975,2.06239530988275,2.35552763819096,1.23534338358459,1.26675041876047,4.88902847571189,0.0837520938023451,0.0209380234505863
